2017-04-10 00:51:33.473 : Couple Created: Daniel Natasha
2017-04-10 00:51:33.505 : Couple Created: Ben Jade
2017-04-10 00:51:33.506 : Couple Created: Nicholas Mary
2017-04-10 00:51:33.508 : Couple Created: Ben Elise
2017-04-10 00:51:33.509 : Couple Created: Michael Ashley
2017-04-10 00:51:33.514 : Couple Created: Keith Rebecca
2017-04-10 00:51:33.516 : Couple Created: Donald Rebecca
2017-04-10 00:51:33.519 : Couple Created: Calum Gemma
2017-04-10 00:51:33.521 : Couple Created: Nicholas Alana
2017-04-10 00:51:33.524 : Couple Created: Ryan Shona
2017-04-10 00:51:33.528 : Couple Created: Grant Amber
2017-04-10 00:51:33.531 : Couple Created: Barry Tracy
2017-04-10 00:51:33.533 : Couple Created: Greg Heather
2017-04-10 00:51:33.535 : Couple Created: Ewan Melissa
2017-04-10 00:51:33.537 : Couple Created: Calum Fiona
2017-04-10 00:51:33.538 : Couple Created: Raymond Louise
2017-04-10 00:51:33.542 : Couple Created: Ewan Hollie
2017-04-10 00:51:33.544 : Couple Created: David Yvonne
2017-04-10 00:51:33.546 : Couple Created: Dylan Rachel
2017-04-10 00:51:33.548 : Couple Created: Taylor Claire
2017-04-10 00:51:33.55 : Couple Created: Declan Paula
2017-04-10 00:51:33.553 : Couple Created: Duncan Catriona
2017-04-10 00:51:33.554 : Couple Created: Peter Daisy
2017-04-10 00:51:33.556 : Couple Created: Ross Jennifer
2017-04-10 00:51:33.559 : Couple Created: Aidan Katie
2017-04-10 00:51:33.562 : Couple Created: Fraser Chelsea
2017-04-10 00:51:33.563 : Couple Created: Jason Heather
2017-04-10 00:51:33.564 : Couple Created: Colin Melissa
2017-04-10 00:51:33.565 : Couple Created: Graham Stephanie
2017-04-10 00:51:33.567 : Couple Created: Kyle Laura
2017-04-10 00:51:33.568 : Couple Created: Gerard Alice
2017-04-10 00:51:33.569 : Couple Created: Lewis Skye
2017-04-10 00:51:33.573 : Couple Created: Kai Catherine
2017-04-10 00:51:33.579 : Couple Created: Lucas Margaret
2017-04-10 00:51:33.582 : Couple Created: Raymond Isla
2017-04-10 00:51:33.583 : Couple Created: Keir Victoria
2017-04-10 00:51:33.585 : Couple Created: Ethan Jillian
2017-04-10 00:51:33.586 : Couple Created: Patrick Niamh
2017-04-10 00:51:33.588 : Couple Created: Declan Poppy
2017-04-10 00:51:33.591 : Couple Created: Barry Natalie
2017-04-10 00:51:33.594 : Couple Created: James Siobhan
2017-04-10 00:51:33.597 : Couple Created: Luke Mhairi
2017-04-10 00:51:33.6 : Couple Created: Bruce Amy
2017-04-10 00:51:33.606 : Couple Created: Fraser Aimee
2017-04-10 00:51:33.611 : Couple Created: Jamie Cara
2017-04-10 00:51:33.614 : Couple Created: Grant Elle
2017-04-10 00:51:33.615 : Couple Created: Kai Claire
2017-04-10 00:51:33.617 : Couple Created: Lewis Iona
2017-04-10 00:51:33.619 : Couple Created: Nathan Nicola
2017-04-10 00:51:33.621 : Couple Created: Simon Jane
2017-04-10 00:51:33.622 : Couple Created: Alan Sophie
2017-04-10 00:51:33.623 : Couple Created: Raymond Hazel
2017-04-10 00:51:33.628 : Couple Created: John Lynn
2017-04-10 00:51:33.632 : Couple Created: Samuel Katie
2017-04-10 00:51:33.635 : Couple Created: Oliver Lorraine
2017-04-10 00:51:33.637 : Couple Created: Alexander Lorna
2017-04-10 00:51:33.641 : Couple Created: Steven Evie
2017-04-10 00:51:33.644 : Couple Created: Rory Zoe
2017-04-10 00:51:33.645 : Couple Created: Reece Rosie
2017-04-10 00:51:33.646 : Couple Created: Kevin Bethany
2017-04-10 00:51:33.647 : Couple Created: Brian Louise
2017-04-10 00:51:33.651 : Couple Created: Niall Gillian
2017-04-10 00:51:33.657 : Couple Created: Derek Lindsay
2017-04-10 00:51:33.661 : Couple Created: Brian Robyn
2017-04-10 00:51:33.663 : Couple Created: Martin Robyn
2017-04-10 00:51:33.724 : Gift Exchange: Daniel -> Natasha LUXURY 67
2017-04-10 00:51:33.732 : Gift Exchange: Daniel -> Natasha ESSENTIAL 96
2017-04-10 00:51:33.734 : Gift Exchange: Daniel -> Natasha UTILITY 60
2017-04-10 00:51:33.735 : Gift Exchange: Daniel -> Natasha LUXURY 58
2017-04-10 00:51:33.736 : Gift Exchange: Daniel -> Natasha UTILITY 90
2017-04-10 00:51:33.738 : Gift Exchange: Daniel -> Natasha ESSENTIAL 87
2017-04-10 00:51:33.739 : Gift Exchange: Daniel -> Natasha LUXURY 66
2017-04-10 00:51:33.743 : Gift Exchange: Daniel -> Natasha ESSENTIAL 85
2017-04-10 00:51:33.746 : Gift Exchange: Daniel -> Natasha UTILITY 65
2017-04-10 00:51:33.751 : Gift Exchange: Ben -> Jade LUXURY 67
2017-04-10 00:51:33.753 : Gift Exchange: Ben -> Jade ESSENTIAL 96
2017-04-10 00:51:33.756 : Gift Exchange: Ben -> Jade UTILITY 60
2017-04-10 00:51:33.761 : Gift Exchange: Ben -> Jade LUXURY 58
2017-04-10 00:51:33.764 : Gift Exchange: Ben -> Jade UTILITY 90
2017-04-10 00:51:33.766 : Gift Exchange: Ben -> Jade ESSENTIAL 87
2017-04-10 00:51:33.769 : Gift Exchange: Ben -> Jade LUXURY 66
2017-04-10 00:51:33.772 : Gift Exchange: Ben -> Jade ESSENTIAL 85
2017-04-10 00:51:33.781 : Gift Exchange: Ben -> Jade UTILITY 65
2017-04-10 00:51:33.784 : Gift Exchange: Ben -> Jade UTILITY 96
2017-04-10 00:51:33.787 : Gift Exchange: Ben -> Jade LUXURY 67
2017-04-10 00:51:33.789 : Gift Exchange: Nicholas -> Mary LUXURY 67
2017-04-10 00:51:33.794 : Gift Exchange: Nicholas -> Mary ESSENTIAL 96
2017-04-10 00:51:33.795 : Gift Exchange: Nicholas -> Mary UTILITY 60
2017-04-10 00:51:33.797 : Gift Exchange: Nicholas -> Mary LUXURY 58
2017-04-10 00:51:33.799 : Gift Exchange: Nicholas -> Mary UTILITY 90
2017-04-10 00:51:33.802 : Gift Exchange: Nicholas -> Mary ESSENTIAL 87
2017-04-10 00:51:33.804 : Gift Exchange: Nicholas -> Mary LUXURY 66
2017-04-10 00:51:33.806 : Gift Exchange: Nicholas -> Mary ESSENTIAL 85
2017-04-10 00:51:33.81 : Gift Exchange: Nicholas -> Mary UTILITY 65
2017-04-10 00:51:33.812 : Gift Exchange: Nicholas -> Mary UTILITY 96
2017-04-10 00:51:33.814 : Gift Exchange: Nicholas -> Mary ESSENTIAL 66
2017-04-10 00:51:33.816 : Gift Exchange: Ben -> Elise LUXURY 67
2017-04-10 00:51:33.819 : Gift Exchange: Ben -> Elise ESSENTIAL 96
2017-04-10 00:51:33.821 : Gift Exchange: Ben -> Elise UTILITY 60
2017-04-10 00:51:33.822 : Gift Exchange: Ben -> Elise LUXURY 58
2017-04-10 00:51:33.825 : Gift Exchange: Ben -> Elise UTILITY 90
2017-04-10 00:51:33.827 : Gift Exchange: Ben -> Elise ESSENTIAL 87
2017-04-10 00:51:33.829 : Gift Exchange: Ben -> Elise LUXURY 66
2017-04-10 00:51:33.833 : Gift Exchange: Ben -> Elise ESSENTIAL 85
2017-04-10 00:51:33.834 : Gift Exchange: Ben -> Elise UTILITY 65
2017-04-10 00:51:33.837 : Gift Exchange: Michael -> Ashley LUXURY 67
2017-04-10 00:51:33.842 : Gift Exchange: Michael -> Ashley ESSENTIAL 96
2017-04-10 00:51:33.843 : Gift Exchange: Michael -> Ashley UTILITY 60
2017-04-10 00:51:33.845 : Gift Exchange: Michael -> Ashley LUXURY 58
2017-04-10 00:51:33.847 : Gift Exchange: Michael -> Ashley UTILITY 90
2017-04-10 00:51:33.849 : Gift Exchange: Michael -> Ashley ESSENTIAL 87
2017-04-10 00:51:33.852 : Gift Exchange: Michael -> Ashley LUXURY 66
2017-04-10 00:51:33.854 : Gift Exchange: Michael -> Ashley ESSENTIAL 85
2017-04-10 00:51:33.856 : Gift Exchange: Michael -> Ashley UTILITY 65
2017-04-10 00:51:33.86 : Gift Exchange: Michael -> Ashley LUXURY 67
2017-04-10 00:51:33.867 : Gift Exchange: Keith -> Rebecca LUXURY 51
2017-04-10 00:51:33.87 : Gift Exchange: Keith -> Rebecca ESSENTIAL 70
2017-04-10 00:51:33.878 : Gift Exchange: Keith -> Rebecca LUXURY 88
2017-04-10 00:51:33.883 : Gift Exchange: Keith -> Rebecca LUXURY 81
2017-04-10 00:51:33.886 : Gift Exchange: Keith -> Rebecca LUXURY 96
2017-04-10 00:51:33.895 : Gift Exchange: Keith -> Rebecca UTILITY 62
2017-04-10 00:51:33.898 : Gift Exchange: Keith -> Rebecca UTILITY 65
2017-04-10 00:51:33.901 : Gift Exchange: Keith -> Rebecca UTILITY 67
2017-04-10 00:51:33.903 : Gift Exchange: Keith -> Rebecca LUXURY 98
2017-04-10 00:51:33.906 : Gift Exchange: Keith -> Rebecca ESSENTIAL 64
2017-04-10 00:51:33.922 : Gift Exchange: Keith -> Rebecca ESSENTIAL 71
2017-04-10 00:51:33.929 : Gift Exchange: Keith -> Rebecca LUXURY 82
2017-04-10 00:51:33.938 : Gift Exchange: Keith -> Rebecca LUXURY 94
2017-04-10 00:51:33.944 : Gift Exchange: Donald -> Rebecca LUXURY 67
2017-04-10 00:51:33.95 : Gift Exchange: Donald -> Rebecca ESSENTIAL 96
2017-04-10 00:51:33.953 : Gift Exchange: Donald -> Rebecca UTILITY 60
2017-04-10 00:51:33.956 : Gift Exchange: Donald -> Rebecca LUXURY 58
2017-04-10 00:51:33.961 : Gift Exchange: Donald -> Rebecca UTILITY 90
2017-04-10 00:51:33.967 : Gift Exchange: Donald -> Rebecca ESSENTIAL 87
2017-04-10 00:51:33.973 : Gift Exchange: Donald -> Rebecca LUXURY 66
2017-04-10 00:51:33.984 : Gift Exchange: Donald -> Rebecca ESSENTIAL 85
2017-04-10 00:51:33.987 : Gift Exchange: Donald -> Rebecca UTILITY 65
2017-04-10 00:51:33.991 : Gift Exchange: Donald -> Rebecca UTILITY 96
2017-04-10 00:51:33.997 : Gift Exchange: Donald -> Rebecca ESSENTIAL 66
2017-04-10 00:51:34.004 : Gift Exchange: Donald -> Rebecca ESSENTIAL 81
2017-04-10 00:51:34.02 : Gift Exchange: Donald -> Rebecca ESSENTIAL 78
2017-04-10 00:51:34.032 : Gift Exchange: Calum -> Gemma LUXURY 67
2017-04-10 00:51:34.035 : Gift Exchange: Calum -> Gemma ESSENTIAL 96
2017-04-10 00:51:34.038 : Gift Exchange: Calum -> Gemma UTILITY 60
2017-04-10 00:51:34.049 : Gift Exchange: Calum -> Gemma LUXURY 58
2017-04-10 00:51:34.053 : Gift Exchange: Calum -> Gemma UTILITY 90
2017-04-10 00:51:34.057 : Gift Exchange: Calum -> Gemma ESSENTIAL 87
2017-04-10 00:51:34.067 : Gift Exchange: Calum -> Gemma LUXURY 66
2017-04-10 00:51:34.07 : Gift Exchange: Calum -> Gemma ESSENTIAL 85
2017-04-10 00:51:34.072 : Gift Exchange: Calum -> Gemma LUXURY 67
2017-04-10 00:51:34.078 : Gift Exchange: Nicholas -> Alana LUXURY 67
2017-04-10 00:51:34.083 : Gift Exchange: Nicholas -> Alana ESSENTIAL 96
2017-04-10 00:51:34.086 : Gift Exchange: Nicholas -> Alana UTILITY 60
2017-04-10 00:51:34.09 : Gift Exchange: Nicholas -> Alana LUXURY 58
2017-04-10 00:51:34.096 : Gift Exchange: Nicholas -> Alana UTILITY 90
2017-04-10 00:51:34.101 : Gift Exchange: Nicholas -> Alana ESSENTIAL 87
2017-04-10 00:51:34.106 : Gift Exchange: Nicholas -> Alana LUXURY 66
2017-04-10 00:51:34.113 : Gift Exchange: Ryan -> Shona LUXURY 51
2017-04-10 00:51:34.119 : Gift Exchange: Ryan -> Shona ESSENTIAL 70
2017-04-10 00:51:34.127 : Gift Exchange: Ryan -> Shona LUXURY 88
2017-04-10 00:51:34.153 : Gift Exchange: Ryan -> Shona LUXURY 81
2017-04-10 00:51:34.156 : Gift Exchange: Ryan -> Shona LUXURY 96
2017-04-10 00:51:34.162 : Gift Exchange: Ryan -> Shona UTILITY 62
2017-04-10 00:51:34.163 : Gift Exchange: Ryan -> Shona UTILITY 65
2017-04-10 00:51:34.165 : Gift Exchange: Ryan -> Shona UTILITY 67
2017-04-10 00:51:34.167 : Gift Exchange: Ryan -> Shona LUXURY 98
2017-04-10 00:51:34.171 : Gift Exchange: Ryan -> Shona ESSENTIAL 64
2017-04-10 00:51:34.182 : Gift Exchange: Ryan -> Shona ESSENTIAL 71
2017-04-10 00:51:34.185 : Gift Exchange: Ryan -> Shona LUXURY 82
2017-04-10 00:51:34.186 : Gift Exchange: Ryan -> Shona LUXURY 94
2017-04-10 00:51:34.187 : Gift Exchange: Grant -> Amber LUXURY 67
2017-04-10 00:51:34.188 : Gift Exchange: Grant -> Amber ESSENTIAL 96
2017-04-10 00:51:34.19 : Gift Exchange: Grant -> Amber UTILITY 60
2017-04-10 00:51:34.232 : Gift Exchange: Grant -> Amber LUXURY 58
2017-04-10 00:51:34.234 : Gift Exchange: Grant -> Amber UTILITY 90
2017-04-10 00:51:34.235 : Gift Exchange: Grant -> Amber ESSENTIAL 87
2017-04-10 00:51:34.236 : Gift Exchange: Grant -> Amber LUXURY 66
2017-04-10 00:51:34.238 : Gift Exchange: Grant -> Amber ESSENTIAL 85
2017-04-10 00:51:34.244 : Gift Exchange: Grant -> Amber UTILITY 65
2017-04-10 00:51:34.248 : Gift Exchange: Grant -> Amber UTILITY 96
2017-04-10 00:51:34.25 : Gift Exchange: Grant -> Amber ESSENTIAL 66
2017-04-10 00:51:34.252 : Gift Exchange: Grant -> Amber LUXURY 67
2017-04-10 00:51:34.253 : Gift Exchange: Barry -> Tracy LUXURY 67
2017-04-10 00:51:34.256 : Gift Exchange: Barry -> Tracy ESSENTIAL 96
2017-04-10 00:51:34.26 : Gift Exchange: Barry -> Tracy UTILITY 60
2017-04-10 00:51:34.263 : Gift Exchange: Barry -> Tracy LUXURY 58
2017-04-10 00:51:34.264 : Gift Exchange: Barry -> Tracy UTILITY 90
2017-04-10 00:51:34.266 : Gift Exchange: Barry -> Tracy ESSENTIAL 87
2017-04-10 00:51:34.268 : Gift Exchange: Barry -> Tracy LUXURY 66
2017-04-10 00:51:34.27 : Gift Exchange: Barry -> Tracy ESSENTIAL 85
2017-04-10 00:51:34.271 : Gift Exchange: Barry -> Tracy UTILITY 65
2017-04-10 00:51:34.273 : Gift Exchange: Barry -> Tracy UTILITY 96
2017-04-10 00:51:34.278 : Gift Exchange: Barry -> Tracy ESSENTIAL 66
2017-04-10 00:51:34.282 : Gift Exchange: Barry -> Tracy ESSENTIAL 81
2017-04-10 00:51:34.284 : Gift Exchange: Greg -> Heather LUXURY 51
2017-04-10 00:51:34.285 : Gift Exchange: Greg -> Heather ESSENTIAL 70
2017-04-10 00:51:34.287 : Gift Exchange: Greg -> Heather LUXURY 88
2017-04-10 00:51:34.288 : Gift Exchange: Greg -> Heather LUXURY 81
2017-04-10 00:51:34.293 : Gift Exchange: Greg -> Heather LUXURY 96
2017-04-10 00:51:34.295 : Gift Exchange: Greg -> Heather UTILITY 62
2017-04-10 00:51:34.298 : Gift Exchange: Greg -> Heather UTILITY 65
2017-04-10 00:51:34.3 : Gift Exchange: Greg -> Heather UTILITY 67
2017-04-10 00:51:34.302 : Gift Exchange: Greg -> Heather LUXURY 98
2017-04-10 00:51:34.304 : Gift Exchange: Greg -> Heather ESSENTIAL 64
2017-04-10 00:51:34.306 : Gift Exchange: Greg -> Heather ESSENTIAL 71
2017-04-10 00:51:34.312 : Gift Exchange: Greg -> Heather LUXURY 82
2017-04-10 00:51:34.315 : Gift Exchange: Ewan -> Melissa LUXURY 67
2017-04-10 00:51:34.317 : Gift Exchange: Ewan -> Melissa ESSENTIAL 96
2017-04-10 00:51:34.32 : Gift Exchange: Ewan -> Melissa UTILITY 60
2017-04-10 00:51:34.322 : Gift Exchange: Ewan -> Melissa LUXURY 58
2017-04-10 00:51:34.328 : Gift Exchange: Ewan -> Melissa UTILITY 90
2017-04-10 00:51:34.333 : Gift Exchange: Ewan -> Melissa ESSENTIAL 87
2017-04-10 00:51:34.336 : Gift Exchange: Ewan -> Melissa LUXURY 66
2017-04-10 00:51:34.342 : Gift Exchange: Ewan -> Melissa ESSENTIAL 85
2017-04-10 00:51:34.348 : Gift Exchange: Ewan -> Melissa UTILITY 65
2017-04-10 00:51:34.352 : Gift Exchange: Ewan -> Melissa UTILITY 96
2017-04-10 00:51:34.354 : Gift Exchange: Ewan -> Melissa ESSENTIAL 66
2017-04-10 00:51:34.364 : Gift Exchange: Ewan -> Melissa ESSENTIAL 81
2017-04-10 00:51:34.368 : Gift Exchange: Calum -> Fiona LUXURY 67
2017-04-10 00:51:34.379 : Gift Exchange: Calum -> Fiona ESSENTIAL 96
2017-04-10 00:51:34.384 : Gift Exchange: Calum -> Fiona UTILITY 60
2017-04-10 00:51:34.404 : Gift Exchange: Calum -> Fiona LUXURY 58
2017-04-10 00:51:34.414 : Gift Exchange: Calum -> Fiona UTILITY 90
2017-04-10 00:51:34.417 : Gift Exchange: Calum -> Fiona ESSENTIAL 87
2017-04-10 00:51:34.429 : Gift Exchange: Calum -> Fiona LUXURY 66
2017-04-10 00:51:34.439 : Gift Exchange: Calum -> Fiona ESSENTIAL 85
2017-04-10 00:51:34.448 : Gift Exchange: Calum -> Fiona UTILITY 65
2017-04-10 00:51:34.454 : Gift Exchange: Calum -> Fiona UTILITY 96
2017-04-10 00:51:34.462 : Gift Exchange: Raymond -> Louise LUXURY 51
2017-04-10 00:51:34.464 : Gift Exchange: Raymond -> Louise ESSENTIAL 70
2017-04-10 00:51:34.466 : Gift Exchange: Raymond -> Louise LUXURY 88
2017-04-10 00:51:34.467 : Gift Exchange: Raymond -> Louise LUXURY 81
2017-04-10 00:51:34.469 : Gift Exchange: Raymond -> Louise LUXURY 96
2017-04-10 00:51:34.471 : Gift Exchange: Raymond -> Louise UTILITY 62
2017-04-10 00:51:34.472 : Gift Exchange: Raymond -> Louise UTILITY 65
2017-04-10 00:51:34.474 : Gift Exchange: Raymond -> Louise UTILITY 67
2017-04-10 00:51:34.481 : Gift Exchange: Raymond -> Louise LUXURY 98
2017-04-10 00:51:34.482 : Gift Exchange: Raymond -> Louise ESSENTIAL 64
2017-04-10 00:51:34.485 : Gift Exchange: Raymond -> Louise ESSENTIAL 71
2017-04-10 00:51:34.488 : Gift Exchange: Raymond -> Louise LUXURY 82
2017-04-10 00:51:34.502 : Gift Exchange: Raymond -> Louise LUXURY 94
2017-04-10 00:51:34.505 : Gift Exchange: Ewan -> Hollie LUXURY 67
2017-04-10 00:51:34.51 : Gift Exchange: Ewan -> Hollie ESSENTIAL 96
2017-04-10 00:51:34.515 : Gift Exchange: Ewan -> Hollie UTILITY 60
2017-04-10 00:51:34.518 : Gift Exchange: Ewan -> Hollie LUXURY 58
2017-04-10 00:51:34.522 : Gift Exchange: Ewan -> Hollie UTILITY 90
2017-04-10 00:51:34.528 : Gift Exchange: Ewan -> Hollie ESSENTIAL 87
2017-04-10 00:51:34.534 : Gift Exchange: Ewan -> Hollie LUXURY 66
2017-04-10 00:51:34.538 : Gift Exchange: Ewan -> Hollie ESSENTIAL 85
2017-04-10 00:51:34.546 : Gift Exchange: Ewan -> Hollie UTILITY 65
2017-04-10 00:51:34.55 : Gift Exchange: David -> Yvonne LUXURY 67
2017-04-10 00:51:34.552 : Gift Exchange: David -> Yvonne ESSENTIAL 96
2017-04-10 00:51:34.555 : Gift Exchange: David -> Yvonne UTILITY 60
2017-04-10 00:51:34.564 : Gift Exchange: David -> Yvonne LUXURY 58
2017-04-10 00:51:34.567 : Gift Exchange: David -> Yvonne UTILITY 90
2017-04-10 00:51:34.573 : Gift Exchange: David -> Yvonne ESSENTIAL 87
2017-04-10 00:51:34.582 : Gift Exchange: David -> Yvonne LUXURY 66
2017-04-10 00:51:34.586 : Gift Exchange: David -> Yvonne ESSENTIAL 85
2017-04-10 00:51:34.588 : Gift Exchange: David -> Yvonne UTILITY 65
2017-04-10 00:51:34.595 : Gift Exchange: David -> Yvonne UTILITY 96
2017-04-10 00:51:34.599 : Gift Exchange: Dylan -> Rachel LUXURY 67
2017-04-10 00:51:34.603 : Gift Exchange: Dylan -> Rachel ESSENTIAL 96
2017-04-10 00:51:34.605 : Gift Exchange: Dylan -> Rachel UTILITY 60
2017-04-10 00:51:34.61 : Gift Exchange: Dylan -> Rachel LUXURY 58
2017-04-10 00:51:34.614 : Gift Exchange: Dylan -> Rachel UTILITY 90
2017-04-10 00:51:34.616 : Gift Exchange: Dylan -> Rachel ESSENTIAL 87
2017-04-10 00:51:34.621 : Gift Exchange: Dylan -> Rachel LUXURY 66
2017-04-10 00:51:34.628 : Gift Exchange: Dylan -> Rachel ESSENTIAL 85
2017-04-10 00:51:34.632 : Gift Exchange: Dylan -> Rachel UTILITY 65
2017-04-10 00:51:34.634 : Gift Exchange: Dylan -> Rachel UTILITY 96
2017-04-10 00:51:34.636 : Gift Exchange: Dylan -> Rachel ESSENTIAL 66
2017-04-10 00:51:34.643 : Gift Exchange: Dylan -> Rachel ESSENTIAL 81
2017-04-10 00:51:34.649 : Gift Exchange: Dylan -> Rachel ESSENTIAL 78
2017-04-10 00:51:34.652 : Gift Exchange: Taylor -> Claire LUXURY 51
2017-04-10 00:51:34.654 : Gift Exchange: Taylor -> Claire ESSENTIAL 70
2017-04-10 00:51:34.656 : Gift Exchange: Taylor -> Claire LUXURY 88
2017-04-10 00:51:34.665 : Gift Exchange: Taylor -> Claire LUXURY 81
2017-04-10 00:51:34.667 : Gift Exchange: Taylor -> Claire LUXURY 96
2017-04-10 00:51:34.671 : Gift Exchange: Taylor -> Claire UTILITY 62
2017-04-10 00:51:34.674 : Gift Exchange: Taylor -> Claire UTILITY 65
2017-04-10 00:51:34.681 : Gift Exchange: Taylor -> Claire UTILITY 67
2017-04-10 00:51:34.686 : Gift Exchange: Declan -> Paula LUXURY 67
2017-04-10 00:51:34.688 : Gift Exchange: Declan -> Paula ESSENTIAL 96
2017-04-10 00:51:34.693 : Gift Exchange: Declan -> Paula UTILITY 60
2017-04-10 00:51:34.699 : Gift Exchange: Declan -> Paula LUXURY 58
2017-04-10 00:51:34.704 : Gift Exchange: Declan -> Paula UTILITY 90
2017-04-10 00:51:34.711 : Gift Exchange: Declan -> Paula ESSENTIAL 87
2017-04-10 00:51:34.714 : Gift Exchange: Declan -> Paula LUXURY 66
2017-04-10 00:51:34.718 : Gift Exchange: Declan -> Paula ESSENTIAL 85
2017-04-10 00:51:34.723 : Gift Exchange: Declan -> Paula UTILITY 65
2017-04-10 00:51:34.734 : Gift Exchange: Declan -> Paula UTILITY 96
2017-04-10 00:51:34.795 : Gift Exchange: Declan -> Paula ESSENTIAL 66
2017-04-10 00:51:34.799 : Gift Exchange: Declan -> Paula ESSENTIAL 81
2017-04-10 00:51:34.801 : Gift Exchange: Declan -> Paula ESSENTIAL 78
2017-04-10 00:51:34.802 : Gift Exchange: Duncan -> Catriona LUXURY 51
2017-04-10 00:51:34.803 : Gift Exchange: Duncan -> Catriona ESSENTIAL 70
2017-04-10 00:51:34.804 : Gift Exchange: Duncan -> Catriona LUXURY 88
2017-04-10 00:51:34.805 : Gift Exchange: Duncan -> Catriona LUXURY 81
2017-04-10 00:51:34.808 : Gift Exchange: Duncan -> Catriona LUXURY 96
2017-04-10 00:51:34.81 : Gift Exchange: Duncan -> Catriona UTILITY 62
2017-04-10 00:51:34.812 : Gift Exchange: Duncan -> Catriona UTILITY 65
2017-04-10 00:51:34.814 : Gift Exchange: Duncan -> Catriona UTILITY 67
2017-04-10 00:51:34.818 : Gift Exchange: Duncan -> Catriona LUXURY 98
2017-04-10 00:51:34.819 : Gift Exchange: Duncan -> Catriona ESSENTIAL 64
2017-04-10 00:51:34.821 : Gift Exchange: Duncan -> Catriona ESSENTIAL 71
2017-04-10 00:51:34.826 : Gift Exchange: Duncan -> Catriona LUXURY 82
2017-04-10 00:51:34.828 : Gift Exchange: Duncan -> Catriona LUXURY 94
2017-04-10 00:51:34.83 : Gift Exchange: Peter -> Daisy LUXURY 51
2017-04-10 00:51:34.832 : Gift Exchange: Peter -> Daisy ESSENTIAL 70
2017-04-10 00:51:34.833 : Gift Exchange: Peter -> Daisy LUXURY 88
2017-04-10 00:51:34.834 : Gift Exchange: Peter -> Daisy LUXURY 81
2017-04-10 00:51:34.836 : Gift Exchange: Peter -> Daisy LUXURY 96
2017-04-10 00:51:34.838 : Gift Exchange: Peter -> Daisy UTILITY 62
2017-04-10 00:51:34.85 : Gift Exchange: Peter -> Daisy UTILITY 65
2017-04-10 00:51:34.854 : Gift Exchange: Peter -> Daisy UTILITY 67
2017-04-10 00:51:34.858 : Gift Exchange: Peter -> Daisy LUXURY 98
2017-04-10 00:51:34.859 : Gift Exchange: Peter -> Daisy ESSENTIAL 64
2017-04-10 00:51:34.861 : Gift Exchange: Peter -> Daisy ESSENTIAL 71
2017-04-10 00:51:34.861 : Gift Exchange: Ross -> Jennifer LUXURY 67
2017-04-10 00:51:34.862 : Gift Exchange: Ross -> Jennifer ESSENTIAL 96
2017-04-10 00:51:34.863 : Gift Exchange: Ross -> Jennifer UTILITY 60
2017-04-10 00:51:34.865 : Gift Exchange: Ross -> Jennifer LUXURY 58
2017-04-10 00:51:34.866 : Gift Exchange: Ross -> Jennifer UTILITY 90
2017-04-10 00:51:34.867 : Gift Exchange: Ross -> Jennifer ESSENTIAL 87
2017-04-10 00:51:34.868 : Gift Exchange: Ross -> Jennifer LUXURY 66
2017-04-10 00:51:34.872 : Gift Exchange: Ross -> Jennifer ESSENTIAL 85
2017-04-10 00:51:34.878 : Gift Exchange: Ross -> Jennifer UTILITY 65
2017-04-10 00:51:34.88 : Gift Exchange: Ross -> Jennifer UTILITY 96
2017-04-10 00:51:34.882 : Gift Exchange: Ross -> Jennifer ESSENTIAL 66
2017-04-10 00:51:34.883 : Gift Exchange: Ross -> Jennifer LUXURY 67
2017-04-10 00:51:34.884 : Gift Exchange: Aidan -> Katie LUXURY 51
2017-04-10 00:51:34.888 : Gift Exchange: Aidan -> Katie ESSENTIAL 70
2017-04-10 00:51:34.892 : Gift Exchange: Aidan -> Katie LUXURY 88
2017-04-10 00:51:34.894 : Gift Exchange: Aidan -> Katie LUXURY 81
2017-04-10 00:51:34.896 : Gift Exchange: Aidan -> Katie LUXURY 96
2017-04-10 00:51:34.897 : Gift Exchange: Aidan -> Katie UTILITY 62
2017-04-10 00:51:34.902 : Gift Exchange: Aidan -> Katie UTILITY 65
2017-04-10 00:51:34.903 : Gift Exchange: Aidan -> Katie UTILITY 67
2017-04-10 00:51:34.905 : Gift Exchange: Aidan -> Katie LUXURY 98
2017-04-10 00:51:34.906 : Gift Exchange: Aidan -> Katie ESSENTIAL 64
2017-04-10 00:51:34.909 : Gift Exchange: Aidan -> Katie ESSENTIAL 71
2017-04-10 00:51:34.911 : Gift Exchange: Aidan -> Katie LUXURY 82
2017-04-10 00:51:34.914 : Gift Exchange: Fraser -> Chelsea LUXURY 51
2017-04-10 00:51:34.915 : Gift Exchange: Fraser -> Chelsea ESSENTIAL 70
2017-04-10 00:51:34.916 : Gift Exchange: Fraser -> Chelsea LUXURY 88
2017-04-10 00:51:34.918 : Gift Exchange: Fraser -> Chelsea LUXURY 81
2017-04-10 00:51:34.919 : Gift Exchange: Fraser -> Chelsea LUXURY 96
2017-04-10 00:51:34.92 : Gift Exchange: Fraser -> Chelsea UTILITY 62
2017-04-10 00:51:34.92 : Gift Exchange: Fraser -> Chelsea UTILITY 65
2017-04-10 00:51:34.921 : Gift Exchange: Jason -> Heather LUXURY 51
2017-04-10 00:51:34.922 : Gift Exchange: Jason -> Heather ESSENTIAL 70
2017-04-10 00:51:34.922 : Gift Exchange: Jason -> Heather LUXURY 88
2017-04-10 00:51:34.923 : Gift Exchange: Jason -> Heather LUXURY 81
2017-04-10 00:51:34.924 : Gift Exchange: Jason -> Heather LUXURY 96
2017-04-10 00:51:34.925 : Gift Exchange: Jason -> Heather UTILITY 62
2017-04-10 00:51:34.926 : Gift Exchange: Jason -> Heather UTILITY 65
2017-04-10 00:51:34.926 : Gift Exchange: Jason -> Heather UTILITY 67
2017-04-10 00:51:34.927 : Gift Exchange: Jason -> Heather LUXURY 98
2017-04-10 00:51:34.927 : Gift Exchange: Jason -> Heather ESSENTIAL 64
2017-04-10 00:51:34.928 : Gift Exchange: Jason -> Heather ESSENTIAL 71
2017-04-10 00:51:34.933 : Gift Exchange: Jason -> Heather LUXURY 82
2017-04-10 00:51:34.935 : Gift Exchange: Jason -> Heather LUXURY 94
2017-04-10 00:51:34.936 : Gift Exchange: Colin -> Melissa LUXURY 51
2017-04-10 00:51:34.937 : Gift Exchange: Colin -> Melissa ESSENTIAL 70
2017-04-10 00:51:34.937 : Gift Exchange: Colin -> Melissa LUXURY 88
2017-04-10 00:51:34.938 : Gift Exchange: Colin -> Melissa LUXURY 81
2017-04-10 00:51:34.939 : Gift Exchange: Colin -> Melissa LUXURY 96
2017-04-10 00:51:34.94 : Gift Exchange: Colin -> Melissa UTILITY 62
2017-04-10 00:51:34.946 : Gift Exchange: Colin -> Melissa UTILITY 65
2017-04-10 00:51:34.946 : Gift Exchange: Graham -> Stephanie LUXURY 67
2017-04-10 00:51:34.947 : Gift Exchange: Graham -> Stephanie ESSENTIAL 96
2017-04-10 00:51:34.948 : Gift Exchange: Graham -> Stephanie UTILITY 60
2017-04-10 00:51:34.949 : Gift Exchange: Graham -> Stephanie LUXURY 58
2017-04-10 00:51:34.951 : Gift Exchange: Graham -> Stephanie UTILITY 90
2017-04-10 00:51:34.952 : Gift Exchange: Graham -> Stephanie ESSENTIAL 87
2017-04-10 00:51:34.953 : Gift Exchange: Graham -> Stephanie LUXURY 66
2017-04-10 00:51:34.953 : Gift Exchange: Graham -> Stephanie ESSENTIAL 85
2017-04-10 00:51:34.954 : Gift Exchange: Graham -> Stephanie UTILITY 65
2017-04-10 00:51:34.955 : Gift Exchange: Graham -> Stephanie LUXURY 67
2017-04-10 00:51:34.956 : Gift Exchange: Kyle -> Laura LUXURY 67
2017-04-10 00:51:34.958 : Gift Exchange: Kyle -> Laura ESSENTIAL 96
2017-04-10 00:51:34.964 : Gift Exchange: Kyle -> Laura UTILITY 60
2017-04-10 00:51:34.965 : Gift Exchange: Kyle -> Laura LUXURY 58
2017-04-10 00:51:34.967 : Gift Exchange: Kyle -> Laura UTILITY 90
2017-04-10 00:51:34.968 : Gift Exchange: Kyle -> Laura ESSENTIAL 87
2017-04-10 00:51:34.97 : Gift Exchange: Kyle -> Laura LUXURY 66
2017-04-10 00:51:34.971 : Gift Exchange: Kyle -> Laura ESSENTIAL 85
2017-04-10 00:51:34.972 : Gift Exchange: Kyle -> Laura LUXURY 67
2017-04-10 00:51:34.973 : Gift Exchange: Gerard -> Alice LUXURY 67
2017-04-10 00:51:34.975 : Gift Exchange: Gerard -> Alice ESSENTIAL 96
2017-04-10 00:51:34.977 : Gift Exchange: Gerard -> Alice UTILITY 60
2017-04-10 00:51:34.978 : Gift Exchange: Gerard -> Alice LUXURY 58
2017-04-10 00:51:34.979 : Gift Exchange: Gerard -> Alice UTILITY 90
2017-04-10 00:51:34.98 : Gift Exchange: Gerard -> Alice ESSENTIAL 87
2017-04-10 00:51:34.981 : Gift Exchange: Gerard -> Alice LUXURY 66
2017-04-10 00:51:34.982 : Gift Exchange: Gerard -> Alice ESSENTIAL 85
2017-04-10 00:51:34.983 : Gift Exchange: Gerard -> Alice UTILITY 65
2017-04-10 00:51:34.984 : Gift Exchange: Gerard -> Alice UTILITY 96
2017-04-10 00:51:34.985 : Gift Exchange: Gerard -> Alice ESSENTIAL 66
2017-04-10 00:51:34.985 : Gift Exchange: Gerard -> Alice ESSENTIAL 81
2017-04-10 00:51:34.986 : Gift Exchange: Gerard -> Alice ESSENTIAL 78
2017-04-10 00:51:34.987 : Gift Exchange: Lewis -> Skye LUXURY 67
2017-04-10 00:51:34.988 : Gift Exchange: Lewis -> Skye ESSENTIAL 96
2017-04-10 00:51:34.988 : Gift Exchange: Lewis -> Skye UTILITY 60
2017-04-10 00:51:34.99 : Gift Exchange: Lewis -> Skye LUXURY 58
2017-04-10 00:51:34.993 : Gift Exchange: Lewis -> Skye UTILITY 90
2017-04-10 00:51:34.994 : Gift Exchange: Lewis -> Skye ESSENTIAL 87
2017-04-10 00:51:34.995 : Gift Exchange: Lewis -> Skye LUXURY 66
2017-04-10 00:51:34.996 : Gift Exchange: Lewis -> Skye ESSENTIAL 85
2017-04-10 00:51:34.999 : Gift Exchange: Lewis -> Skye UTILITY 65
2017-04-10 00:51:35.0 : Gift Exchange: Lewis -> Skye UTILITY 96
2017-04-10 00:51:35.002 : Gift Exchange: Lewis -> Skye ESSENTIAL 66
2017-04-10 00:51:35.003 : Gift Exchange: Lewis -> Skye ESSENTIAL 81
2017-04-10 00:51:35.008 : Gift Exchange: Kai -> Catherine LUXURY 67
2017-04-10 00:51:35.015 : Gift Exchange: Kai -> Catherine ESSENTIAL 96
2017-04-10 00:51:35.016 : Gift Exchange: Kai -> Catherine UTILITY 60
2017-04-10 00:51:35.017 : Gift Exchange: Kai -> Catherine LUXURY 58
2017-04-10 00:51:35.018 : Gift Exchange: Kai -> Catherine UTILITY 90
2017-04-10 00:51:35.019 : Gift Exchange: Kai -> Catherine ESSENTIAL 87
2017-04-10 00:51:35.021 : Gift Exchange: Kai -> Catherine LUXURY 66
2017-04-10 00:51:35.022 : Gift Exchange: Kai -> Catherine ESSENTIAL 85
2017-04-10 00:51:35.026 : Gift Exchange: Kai -> Catherine UTILITY 65
2017-04-10 00:51:35.028 : Gift Exchange: Lucas -> Margaret LUXURY 67
2017-04-10 00:51:35.031 : Gift Exchange: Lucas -> Margaret ESSENTIAL 96
2017-04-10 00:51:35.033 : Gift Exchange: Lucas -> Margaret UTILITY 60
2017-04-10 00:51:35.035 : Gift Exchange: Lucas -> Margaret LUXURY 58
2017-04-10 00:51:35.036 : Gift Exchange: Lucas -> Margaret UTILITY 90
2017-04-10 00:51:35.037 : Gift Exchange: Lucas -> Margaret ESSENTIAL 87
2017-04-10 00:51:35.041 : Gift Exchange: Lucas -> Margaret LUXURY 66
2017-04-10 00:51:35.042 : Gift Exchange: Lucas -> Margaret ESSENTIAL 85
2017-04-10 00:51:35.043 : Gift Exchange: Lucas -> Margaret LUXURY 67
2017-04-10 00:51:35.044 : Gift Exchange: Raymond -> Isla LUXURY 51
2017-04-10 00:51:35.046 : Gift Exchange: Raymond -> Isla ESSENTIAL 70
2017-04-10 00:51:35.047 : Gift Exchange: Raymond -> Isla LUXURY 88
2017-04-10 00:51:35.048 : Gift Exchange: Raymond -> Isla LUXURY 81
2017-04-10 00:51:35.048 : Gift Exchange: Raymond -> Isla LUXURY 96
2017-04-10 00:51:35.049 : Gift Exchange: Raymond -> Isla UTILITY 62
2017-04-10 00:51:35.05 : Gift Exchange: Raymond -> Isla UTILITY 65
2017-04-10 00:51:35.05 : Gift Exchange: Raymond -> Isla UTILITY 67
2017-04-10 00:51:35.051 : Gift Exchange: Raymond -> Isla LUXURY 98
2017-04-10 00:51:35.051 : Gift Exchange: Raymond -> Isla ESSENTIAL 64
2017-04-10 00:51:35.052 : Gift Exchange: Raymond -> Isla ESSENTIAL 71
2017-04-10 00:51:35.052 : Gift Exchange: Raymond -> Isla LUXURY 82
2017-04-10 00:51:35.053 : Gift Exchange: Keir -> Victoria LUXURY 67
2017-04-10 00:51:35.054 : Gift Exchange: Keir -> Victoria ESSENTIAL 96
2017-04-10 00:51:35.054 : Gift Exchange: Keir -> Victoria UTILITY 60
2017-04-10 00:51:35.055 : Gift Exchange: Keir -> Victoria LUXURY 58
2017-04-10 00:51:35.055 : Gift Exchange: Keir -> Victoria UTILITY 90
2017-04-10 00:51:35.056 : Gift Exchange: Keir -> Victoria ESSENTIAL 87
2017-04-10 00:51:35.058 : Gift Exchange: Keir -> Victoria LUXURY 66
2017-04-10 00:51:35.061 : Gift Exchange: Keir -> Victoria ESSENTIAL 85
2017-04-10 00:51:35.061 : Gift Exchange: Keir -> Victoria UTILITY 65
2017-04-10 00:51:35.062 : Gift Exchange: Ethan -> Jillian LUXURY 67
2017-04-10 00:51:35.063 : Gift Exchange: Ethan -> Jillian ESSENTIAL 96
2017-04-10 00:51:35.063 : Gift Exchange: Ethan -> Jillian UTILITY 60
2017-04-10 00:51:35.064 : Gift Exchange: Ethan -> Jillian LUXURY 58
2017-04-10 00:51:35.064 : Gift Exchange: Ethan -> Jillian UTILITY 90
2017-04-10 00:51:35.065 : Gift Exchange: Ethan -> Jillian ESSENTIAL 87
2017-04-10 00:51:35.066 : Gift Exchange: Ethan -> Jillian LUXURY 66
2017-04-10 00:51:35.066 : Gift Exchange: Ethan -> Jillian ESSENTIAL 85
2017-04-10 00:51:35.067 : Gift Exchange: Ethan -> Jillian UTILITY 65
2017-04-10 00:51:35.068 : Gift Exchange: Patrick -> Niamh LUXURY 67
2017-04-10 00:51:35.068 : Gift Exchange: Patrick -> Niamh ESSENTIAL 96
2017-04-10 00:51:35.069 : Gift Exchange: Patrick -> Niamh UTILITY 60
2017-04-10 00:51:35.069 : Gift Exchange: Patrick -> Niamh LUXURY 58
2017-04-10 00:51:35.07 : Gift Exchange: Patrick -> Niamh UTILITY 90
2017-04-10 00:51:35.071 : Gift Exchange: Patrick -> Niamh ESSENTIAL 87
2017-04-10 00:51:35.071 : Gift Exchange: Patrick -> Niamh LUXURY 66
2017-04-10 00:51:35.077 : Gift Exchange: Patrick -> Niamh ESSENTIAL 85
2017-04-10 00:51:35.078 : Gift Exchange: Patrick -> Niamh UTILITY 65
2017-04-10 00:51:35.078 : Gift Exchange: Patrick -> Niamh UTILITY 96
2017-04-10 00:51:35.079 : Gift Exchange: Declan -> Poppy LUXURY 67
2017-04-10 00:51:35.08 : Gift Exchange: Declan -> Poppy ESSENTIAL 96
2017-04-10 00:51:35.08 : Gift Exchange: Declan -> Poppy UTILITY 60
2017-04-10 00:51:35.081 : Gift Exchange: Declan -> Poppy LUXURY 58
2017-04-10 00:51:35.081 : Gift Exchange: Declan -> Poppy UTILITY 90
2017-04-10 00:51:35.082 : Gift Exchange: Declan -> Poppy ESSENTIAL 87
2017-04-10 00:51:35.082 : Gift Exchange: Declan -> Poppy LUXURY 66
2017-04-10 00:51:35.097 : Gift Exchange: Declan -> Poppy ESSENTIAL 85
2017-04-10 00:51:35.118 : Gift Exchange: Declan -> Poppy UTILITY 65
2017-04-10 00:51:35.119 : Gift Exchange: Declan -> Poppy UTILITY 96
2017-04-10 00:51:35.12 : Gift Exchange: Declan -> Poppy ESSENTIAL 66
2017-04-10 00:51:35.12 : Gift Exchange: Barry -> Natalie LUXURY 51
2017-04-10 00:51:35.121 : Gift Exchange: Barry -> Natalie ESSENTIAL 70
2017-04-10 00:51:35.122 : Gift Exchange: Barry -> Natalie LUXURY 88
2017-04-10 00:51:35.122 : Gift Exchange: Barry -> Natalie LUXURY 81
2017-04-10 00:51:35.125 : Gift Exchange: Barry -> Natalie LUXURY 96
2017-04-10 00:51:35.125 : Gift Exchange: Barry -> Natalie UTILITY 62
2017-04-10 00:51:35.126 : Gift Exchange: Barry -> Natalie UTILITY 65
2017-04-10 00:51:35.126 : Gift Exchange: Barry -> Natalie UTILITY 67
2017-04-10 00:51:35.127 : Gift Exchange: Barry -> Natalie LUXURY 98
2017-04-10 00:51:35.127 : Gift Exchange: Barry -> Natalie ESSENTIAL 64
2017-04-10 00:51:35.128 : Gift Exchange: Barry -> Natalie ESSENTIAL 71
2017-04-10 00:51:35.128 : Gift Exchange: Barry -> Natalie LUXURY 82
2017-04-10 00:51:35.128 : Gift Exchange: James -> Siobhan LUXURY 67
2017-04-10 00:51:35.129 : Gift Exchange: James -> Siobhan ESSENTIAL 96
2017-04-10 00:51:35.129 : Gift Exchange: James -> Siobhan UTILITY 60
2017-04-10 00:51:35.129 : Gift Exchange: James -> Siobhan LUXURY 58
2017-04-10 00:51:35.13 : Gift Exchange: James -> Siobhan UTILITY 90
2017-04-10 00:51:35.133 : Gift Exchange: James -> Siobhan ESSENTIAL 87
2017-04-10 00:51:35.135 : Gift Exchange: James -> Siobhan LUXURY 66
2017-04-10 00:51:35.136 : Gift Exchange: James -> Siobhan ESSENTIAL 85
2017-04-10 00:51:35.136 : Gift Exchange: James -> Siobhan UTILITY 65
2017-04-10 00:51:35.137 : Gift Exchange: James -> Siobhan UTILITY 96
2017-04-10 00:51:35.14 : Gift Exchange: James -> Siobhan ESSENTIAL 66
2017-04-10 00:51:35.142 : Gift Exchange: James -> Siobhan ESSENTIAL 81
2017-04-10 00:51:35.143 : Gift Exchange: James -> Siobhan ESSENTIAL 78
2017-04-10 00:51:35.144 : Gift Exchange: Luke -> Mhairi LUXURY 67
2017-04-10 00:51:35.144 : Gift Exchange: Luke -> Mhairi ESSENTIAL 96
2017-04-10 00:51:35.145 : Gift Exchange: Luke -> Mhairi UTILITY 60
2017-04-10 00:51:35.146 : Gift Exchange: Luke -> Mhairi LUXURY 58
2017-04-10 00:51:35.147 : Gift Exchange: Luke -> Mhairi UTILITY 90
2017-04-10 00:51:35.147 : Gift Exchange: Luke -> Mhairi ESSENTIAL 87
2017-04-10 00:51:35.148 : Gift Exchange: Luke -> Mhairi LUXURY 66
2017-04-10 00:51:35.149 : Gift Exchange: Luke -> Mhairi ESSENTIAL 85
2017-04-10 00:51:35.15 : Gift Exchange: Luke -> Mhairi UTILITY 65
2017-04-10 00:51:35.151 : Gift Exchange: Luke -> Mhairi UTILITY 96
2017-04-10 00:51:35.151 : Gift Exchange: Luke -> Mhairi ESSENTIAL 66
2017-04-10 00:51:35.152 : Gift Exchange: Luke -> Mhairi ESSENTIAL 81
2017-04-10 00:51:35.153 : Gift Exchange: Luke -> Mhairi ESSENTIAL 78
2017-04-10 00:51:35.154 : Gift Exchange: Bruce -> Amy LUXURY 67
2017-04-10 00:51:35.154 : Gift Exchange: Bruce -> Amy ESSENTIAL 96
2017-04-10 00:51:35.155 : Gift Exchange: Bruce -> Amy UTILITY 60
2017-04-10 00:51:35.155 : Gift Exchange: Bruce -> Amy LUXURY 58
2017-04-10 00:51:35.156 : Gift Exchange: Bruce -> Amy UTILITY 90
2017-04-10 00:51:35.157 : Gift Exchange: Bruce -> Amy ESSENTIAL 87
2017-04-10 00:51:35.157 : Gift Exchange: Bruce -> Amy LUXURY 66
2017-04-10 00:51:35.158 : Gift Exchange: Bruce -> Amy ESSENTIAL 85
2017-04-10 00:51:35.159 : Gift Exchange: Bruce -> Amy UTILITY 65
2017-04-10 00:51:35.159 : Gift Exchange: Bruce -> Amy UTILITY 96
2017-04-10 00:51:35.16 : Gift Exchange: Bruce -> Amy ESSENTIAL 66
2017-04-10 00:51:35.16 : Gift Exchange: Bruce -> Amy ESSENTIAL 81
2017-04-10 00:51:35.161 : Gift Exchange: Bruce -> Amy ESSENTIAL 78
2017-04-10 00:51:35.161 : Gift Exchange: Fraser -> Aimee LUXURY 67
2017-04-10 00:51:35.162 : Gift Exchange: Fraser -> Aimee ESSENTIAL 96
2017-04-10 00:51:35.162 : Gift Exchange: Fraser -> Aimee UTILITY 60
2017-04-10 00:51:35.163 : Gift Exchange: Fraser -> Aimee LUXURY 58
2017-04-10 00:51:35.163 : Gift Exchange: Fraser -> Aimee UTILITY 90
2017-04-10 00:51:35.164 : Gift Exchange: Fraser -> Aimee ESSENTIAL 87
2017-04-10 00:51:35.202 : Gift Exchange: Fraser -> Aimee LUXURY 66
2017-04-10 00:51:35.203 : Gift Exchange: Fraser -> Aimee ESSENTIAL 85
2017-04-10 00:51:35.203 : Gift Exchange: Fraser -> Aimee UTILITY 65
2017-04-10 00:51:35.209 : Gift Exchange: Fraser -> Aimee LUXURY 67
2017-04-10 00:51:35.21 : Gift Exchange: Jamie -> Cara LUXURY 67
2017-04-10 00:51:35.212 : Gift Exchange: Jamie -> Cara ESSENTIAL 96
2017-04-10 00:51:35.212 : Gift Exchange: Jamie -> Cara UTILITY 60
2017-04-10 00:51:35.213 : Gift Exchange: Jamie -> Cara LUXURY 58
2017-04-10 00:51:35.215 : Gift Exchange: Jamie -> Cara UTILITY 90
2017-04-10 00:51:35.215 : Gift Exchange: Jamie -> Cara ESSENTIAL 87
2017-04-10 00:51:35.216 : Gift Exchange: Jamie -> Cara LUXURY 66
2017-04-10 00:51:35.216 : Gift Exchange: Jamie -> Cara ESSENTIAL 85
2017-04-10 00:51:35.216 : Gift Exchange: Grant -> Elle LUXURY 67
2017-04-10 00:51:35.217 : Gift Exchange: Grant -> Elle ESSENTIAL 96
2017-04-10 00:51:35.217 : Gift Exchange: Grant -> Elle UTILITY 60
2017-04-10 00:51:35.217 : Gift Exchange: Grant -> Elle LUXURY 58
2017-04-10 00:51:35.218 : Gift Exchange: Grant -> Elle UTILITY 90
2017-04-10 00:51:35.218 : Gift Exchange: Grant -> Elle ESSENTIAL 87
2017-04-10 00:51:35.219 : Gift Exchange: Grant -> Elle LUXURY 66
2017-04-10 00:51:35.219 : Gift Exchange: Grant -> Elle ESSENTIAL 85
2017-04-10 00:51:35.22 : Gift Exchange: Grant -> Elle LUXURY 67
2017-04-10 00:51:35.22 : Gift Exchange: Kai -> Claire LUXURY 67
2017-04-10 00:51:35.222 : Gift Exchange: Kai -> Claire ESSENTIAL 96
2017-04-10 00:51:35.223 : Gift Exchange: Kai -> Claire UTILITY 60
2017-04-10 00:51:35.223 : Gift Exchange: Kai -> Claire LUXURY 58
2017-04-10 00:51:35.224 : Gift Exchange: Kai -> Claire UTILITY 90
2017-04-10 00:51:35.225 : Gift Exchange: Kai -> Claire ESSENTIAL 87
2017-04-10 00:51:35.225 : Gift Exchange: Kai -> Claire LUXURY 66
2017-04-10 00:51:35.226 : Gift Exchange: Kai -> Claire ESSENTIAL 85
2017-04-10 00:51:35.226 : Gift Exchange: Kai -> Claire UTILITY 65
2017-04-10 00:51:35.227 : Gift Exchange: Kai -> Claire UTILITY 96
2017-04-10 00:51:35.227 : Gift Exchange: Kai -> Claire ESSENTIAL 66
2017-04-10 00:51:35.228 : Gift Exchange: Kai -> Claire ESSENTIAL 81
2017-04-10 00:51:35.228 : Gift Exchange: Lewis -> Iona LUXURY 67
2017-04-10 00:51:35.229 : Gift Exchange: Lewis -> Iona ESSENTIAL 96
2017-04-10 00:51:35.229 : Gift Exchange: Lewis -> Iona UTILITY 60
2017-04-10 00:51:35.229 : Gift Exchange: Lewis -> Iona LUXURY 58
2017-04-10 00:51:35.23 : Gift Exchange: Lewis -> Iona UTILITY 90
2017-04-10 00:51:35.23 : Gift Exchange: Lewis -> Iona ESSENTIAL 87
2017-04-10 00:51:35.231 : Gift Exchange: Lewis -> Iona LUXURY 66
2017-04-10 00:51:35.231 : Gift Exchange: Lewis -> Iona ESSENTIAL 85
2017-04-10 00:51:35.232 : Gift Exchange: Lewis -> Iona UTILITY 65
2017-04-10 00:51:35.233 : Gift Exchange: Lewis -> Iona UTILITY 96
2017-04-10 00:51:35.234 : Gift Exchange: Lewis -> Iona ESSENTIAL 66
2017-04-10 00:51:35.235 : Gift Exchange: Lewis -> Iona ESSENTIAL 81
2017-04-10 00:51:35.235 : Gift Exchange: Nathan -> Nicola LUXURY 51
2017-04-10 00:51:35.236 : Gift Exchange: Nathan -> Nicola ESSENTIAL 70
2017-04-10 00:51:35.236 : Gift Exchange: Nathan -> Nicola LUXURY 88
2017-04-10 00:51:35.237 : Gift Exchange: Nathan -> Nicola LUXURY 81
2017-04-10 00:51:35.238 : Gift Exchange: Nathan -> Nicola LUXURY 96
2017-04-10 00:51:35.238 : Gift Exchange: Nathan -> Nicola UTILITY 62
2017-04-10 00:51:35.239 : Gift Exchange: Nathan -> Nicola UTILITY 65
2017-04-10 00:51:35.24 : Gift Exchange: Nathan -> Nicola UTILITY 67
2017-04-10 00:51:35.24 : Gift Exchange: Nathan -> Nicola LUXURY 98
2017-04-10 00:51:35.241 : Gift Exchange: Nathan -> Nicola ESSENTIAL 64
2017-04-10 00:51:35.241 : Gift Exchange: Nathan -> Nicola ESSENTIAL 71
2017-04-10 00:51:35.242 : Gift Exchange: Nathan -> Nicola LUXURY 82
2017-04-10 00:51:35.248 : Gift Exchange: Simon -> Jane LUXURY 67
2017-04-10 00:51:35.249 : Gift Exchange: Simon -> Jane ESSENTIAL 96
2017-04-10 00:51:35.249 : Gift Exchange: Simon -> Jane UTILITY 60
